6
10
31 68 38 79 45 71 11 45 36 74 18 56 6 19 38 41 17 60 1 23 
5
4
89
48
1
34

25
7 112 124 155 66 119 69 101 13 133 6 93 67 91 4 67 66 89 49 87 72 103 92 211 98 135 122 239 73 104 36 142 20 122 61 122 19 121 76 83 124 143 92 92 64 64 60 112 33 88 
25
222
68
67
244
219
223
11
218
53
187
20
168
160
216
12
63
114
35
159
204
178
117
217
169
52

50
1 500 500 500 42 218 189 318 167 379 235 248 179 257 7 248 74 79 48 165 46 214 19 231 211 450 33 169 153 288 209 352 106 216 90 335 93 328 136 166 165 289 243 465 152 168 94 195 181 400 84 159 40 110 65 202 147 186 72 233 67 136 249 410 119 354 193 408 225 252 213 328 210 214 99 177 18 101 173 224 235 428 61 240 221 265 30 39 206 357 79 116 218 321 33 89 149 332 208 440 
50
120
323
1
250
187
238
88
58
79
143
69
267
476
324
318
176
240
155
49
411
35
38
177
54
128
401
111
425
155
176
310
108
246
79
70
290
355
297
448
322
161
47
497
91
31
426
464
175
98
96

15
142 142 57 57 34 34 17 114 115 252 19 204 91 187 83 207 114 293 183 275 60 179 103 181 71 105 109 303 129 152 
8
142
362
354
9
349
295
257
34

20
46 161 96 280 37 119 87 259 149 152 199 276 180 318 230 359 22 38 72 219 72 163 122 281 189 322 239 361 138 232 188 316 54 65 104 232 91 254 141 327 
15
161
294
379
392
134
97
88
200
231
73
123
240
189
105
142

15
129 216 92 129 106 254 136 231 135 247 120 288 177 255 160 242 69 245 109 177 68 265 194 262 53 113 86 157 193 358 
8
129
301
319
80
348
133
33
225

